
_G.MusicVolume = 1
_G.DodgeRange = 100

for i,v in pairs(game.Workspace.Map.Trees:GetDescendants()) do
	if v.Name == "MeshPart" then
		v.Color = Color3.fromRGB(255, math.random(150,210), 255)
		v.ChildAdded:Connect(function(adi)
			if adi.Name == "Leaves" then
				adi.Color = ColorSequence.new(v.Color)
			end
		end)
	end
end

local player = game.Players.LocalPlayer
local Character = player.Character
local hrp = Character:WaitForChild("HumanoidRootPart")
local hum = Character:WaitForChild("Humanoid")
local AnimHandler = loadstring(game:HttpGet("https://raw.githubusercontent.com/ProudNamed/SuperLightning/refs/heads/main/AnimModule/MainModule"))()
local uis = game:GetService("UserInputService")
local TweenService = game:GetService("TweenService")
local Camera = game.Workspace.CurrentCamera
local RunService = game:GetService("RunService")
local Character = game.Players.LocalPlayer.Character or game.Players.LocalPlayer.CharacterAdded:Wait()
local cas = game:GetService("ContextActionService")

local cutsceneData = {{
	cframe = CFrame.new(1.3794097900390625, 6.855639934539795, 7.78009033203125, 0.9987073540687561, -0.02430255338549614, 0.04464318975806236, -0.004874841310083866, 0.8284506797790527, 0.5600408315658569, -0.05059510096907616, -0.5595345497131348, 0.8272612690925598);
	fov = 69.76132280954764;
}, {
		cframe = CFrame.new(1.4111404418945312, 6.832397937774658, 7.792724609375, 0.9984259605407715, -0.027036655694246292, 0.049138255417346954, -0.005022704601287842, 0.8295122385025024, 0.5584658980369568, -0.05585983395576477, -0.557833731174469, 0.8280707597732544);
		fov = 69.05180172976111;
	}, {
		cframe = CFrame.new(1.44287109375, 6.809156894683838, 7.80535888671875, 0.9981169104576111, -0.02976154536008835, 0.05363718792796135, -0.005160556174814701, 0.8305712938308716, 0.5568884015083313, -0.06112336739897728, -0.55611652135849, 0.8288536667823792);
		fov = 67.89079064611356;
	}, {
		cframe = CFrame.new(1.474609375, 6.785914897918701, 7.818023681640625, 0.9977800250053406, -0.032477084547281265, 0.058139778673648834, -0.005288385786116123, 0.8316278457641602, 0.5553081631660461, -0.06638544797897339, -0.554382860660553, 0.8296099305152893);
		fov = 66.30995891443689;
	}, {
		cframe = CFrame.new(1.50634765625, 6.7626729011535645, 7.830657958984375, 0.9974154829978943, -0.03518316149711609, 0.06264583021402359, -0.005406191572546959, 0.8326816558837891, 0.5537256598472595, -0.07164584845304489, -0.5526332259178162, 0.8303393721580505);
		fov = 64.35242750345047;
	}, {
		cframe = CFrame.new(1.5380783081054688, 6.739430904388428, 7.843292236328125, 0.9970232248306274, -0.03787962719798088, 0.06715508550405502, -0.005513962358236313, 0.8337328433990479, 0.552140474319458, -0.07690427452325821, -0.5508671998977661, 0.8310421705245972);
		fov = 62.07159276714247;
	}, {
		cframe = CFrame.new(1.6301727294921875, 6.673717021942139, 7.7916259765625, 0.9954107403755188, -0.047038182616233826, 0.08333554863929749, -0.006403142586350441, 0.8361601233482361, 0.5484480857849121, -0.09547986090183258, -0.5464646816253662, 0.8320215940475464);
		fov = 59.529669931426966;
	}, {
		cframe = CFrame.new(1.7222671508789062, 6.608004093170166, 7.73992919921875, 0.9934512376785278, -0.0561116486787796, 0.09952955693006516, -0.0072099026292562485, 0.8385800123214722, 0.5447307229042053, -0.11402923613786697, -0.5418810248374939, 0.832683801651001);
		fov = 56.79599602496398;
	}, {
		cframe = CFrame.new(1.814361572265625, 6.542290210723877, 7.688262939453125, 0.9911456108093262, -0.06509504467248917, 0.1157282143831253, -0.007933782413601875, 0.8409911394119263, 0.5409907698631287, -0.132542222738266, -0.5371187329292297, 0.8330281972885132);
		fov = 53.945138545765815;
	}, {
		cframe = CFrame.new(1.9064559936523438, 6.476576328277588, 7.6365966796875, 0.9884952306747437, -0.07398341596126556, 0.13192260265350342, -0.008574392646551132, 0.8433921337127686, 0.5372300744056702, -0.15100860595703125, -0.5321804881095886, 0.833054780960083);
		fov = 51.054861454234185;
	}, {
		cframe = CFrame.new(2.2597885131835938, 6.2261576652526855, 7.35162353515625, 0.9744023084640503, -0.1085159033536911, 0.19688677787780762, -0.010900184512138367, 0.8519519567489624, 0.5235064625740051, -0.22454684972763062, -0.5122520327568054, 0.8289611339569092);
		fov = 48.20400397503602;
	}, {
		cframe = CFrame.new(2.613128662109375, 5.975739002227783, 7.066650390625, 0.9548474550247192, -0.14141389727592468, 0.2612822949886322, -0.012008920311927795, 0.8603627681732178, 0.5095406770706177, -0.2968536913394928, -0.48967134952545166, 0.8198169469833374);
		fov = 45.470330068573034;
	}, {
		cframe = CFrame.new(2.966461181640625, 5.725321292877197, 6.781707763671875, 0.9299450516700745, -0.17248490452766418, 0.32473236322402954, -0.011894144117832184, 0.868575394153595, 0.49541422724723816, -0.3675060272216797, -0.46457043290138245, 0.8056758642196655);
		fov = 42.92840723285754;
	}, {
		cframe = CFrame.new(3.3198013305664062, 5.474902629852295, 6.496734619140625, 0.8998408317565918, -0.20154720544815063, 0.3868659436702728, -0.010556511580944061, 0.876541793346405, 0.48120999336242676, -0.4360906779766083, -0.43709635734558105, 0.7866204380989075);
		fov = 40.647572496549536;
	}, {
		cframe = CFrame.new(3.6731338500976562, 5.224483966827393, 6.211761474609375, 0.8647109270095825, -0.22843065857887268, 0.44731926918029785, -0.0080038383603096, 0.8842154145240784, 0.4670107662677765, -0.5022061467170715, -0.40740957856178284, 0.7627623677253723);
		fov = 38.69004108556311;
	}, {
		cframe = CFrame.new(3.891754150390625, 5.041771411895752, 5.927093505859375, 0.8328092098236084, -0.2461158037185669, 0.4958384335041046, -0.009716548025608063, 0.8890891671180725, 0.45763081312179565, -0.5534747838973999, -0.38593703508377075, 0.7380503416061401);
		fov = 37.10920935388644;
	}, {
		cframe = CFrame.new(4.1103668212890625, 4.859058380126953, 5.64239501953125, 0.7978658080101013, -0.2624395191669464, 0.5427114963531494, -0.010788053274154663, 0.8939050436019897, 0.4481266140937805, -0.602738618850708, -0.3633996844291687, 0.7103850245475769);
		fov = 35.9481982702389;
	}, {
		cframe = CFrame.new(4.328987121582031, 4.676345348358154, 5.35772705078125, 0.7600115537643433, -0.27734050154685974, 0.5877625346183777, -0.011214286088943481, 0.8986448645591736, 0.43853360414505005, -0.6498128771781921, -0.339881956577301, 0.6798703074455261);
		fov = 35.23867719045236;
	}, {
		cframe = CFrame.new(4.501853942871094, 4.510049819946289, 5.0474853515625, 0.720423698425293, -0.28925350308418274, 0.6303349137306213, -0.013928502798080444, 0.902655839920044, 0.4301376938819885, -0.6933943629264832, -0.31866103410720825, 0.6462657451629639);
		fov = 35;
	}, {
		cframe = CFrame.new(4.674720764160156, 4.343754291534424, 4.73724365234375, 0.6783239245414734, -0.2998656630516052, 0.6707884669303894, -0.016090184450149536, 0.906650722026825, 0.421575129032135, -0.734586775302887, -0.29675763845443726, 0.6101779937744141);
		fov = 35;
	}, {
		cframe = CFrame.new(4.84759521484375, 4.177459239959717, 4.427001953125, 0.633861243724823, -0.30913957953453064, 0.7089800834655762, -0.017691761255264282, 0.910615086555481, 0.412876695394516, -0.7732445001602173, -0.2742496430873871, 0.5717343688011169);
		fov = 35;
	}, {
		cframe = CFrame.new(5.0204620361328125, 4.011163711547852, 4.11676025390625, 0.5871935486793518, -0.31704217195510864, 0.7447738647460938, -0.018727436661720276, 0.9145351648330688, 0.4040728211402893, -0.8092299699783325, -0.25121670961380005, 0.5310717821121216);
		fov = 35;
	}, {
		cframe = CFrame.new(5.193328857421875, 3.8448681831359863, 3.8065185546875, 0.5384864211082458, -0.3235454559326172, 0.7780429720878601, -0.019193604588508606, 0.9183967709541321, 0.3951949179172516, -0.8424156308174133, -0.2277405560016632, 0.48833417892456055);
		fov = 35;
	}, {
		cframe = CFrame.new(5.3661956787109375, 3.678572654724121, 3.49627685546875, 0.48791271448135376, -0.32862621545791626, 0.80866938829422, -0.019088521599769592, 0.9221864342689514, 0.3862743377685547, -0.8726838231086731, -0.20390450954437256, 0.4436734914779663);
		fov = 35;
	}, {
		cframe = CFrame.new(5.505592346191406, 3.532975673675537, 3.20123291015625, 0.4405936896800995, -0.33167263865470886, 0.8341884016990662, -0.019816070795059204, 0.9254242777824402, 0.3784141540527344, -0.8974878191947937, -0.18325722217559814, 0.40116363763809204);
		fov = 35;
	}, {
		cframe = CFrame.new(5.644989013671875, 3.3873791694641113, 2.90618896484375, 0.3920169770717621, -0.33358970284461975, 0.8573451042175293, -0.02008858323097229, 0.9286131262779236, 0.3705052137374878, -0.9197386503219604, -0.16246718168258667, 0.3573307394981384);
		fov = 35;
	}, {
		cframe = CFrame.new(5.784393310546875, 3.2417821884155273, 2.611175537109375, 0.3423239290714264, -0.33437180519104004, 0.8780717253684998, -0.019905194640159607, 0.9317438006401062, 0.36257046461105347, -0.9393711686134338, -0.1415947526693344, 0.31230247020721436);
		fov = 35;
	}, {
		cframe = CFrame.new(5.923789978027344, 3.0961856842041016, 2.316131591796875, 0.29165932536125183, -0.3340165615081787, 0.8963078260421753, -0.01926647126674652, 0.9348070621490479, 0.3546329736709595, -0.9563281536102295, -0.12070067226886749, 0.2662099003791809);
		fov = 35;
	}, {
		cframe = CFrame.new(6.0631866455078125, 2.9505887031555176, 2.021087646484375, 0.24017052352428436, -0.33252522349357605, 0.9120004773139954, -0.01817426085472107, 0.9377940893173218, 0.34671589732170105, -0.9705604910850525, -0.09984584897756577, 0.21918708086013794);
		fov = 35;
	}, {
		cframe = CFrame.new(6.202583312988281, 2.804992198944092, 1.726043701171875, 0.18800708651542664, -0.3299020826816559, 0.9251043200492859, -0.016631752252578735, 0.940696120262146, 0.33884233236312866, -0.9820268750190735, -0.07909087836742401, 0.17137068510055542);
		fov = 35;
	}, {
		cframe = CFrame.new(6.341987609863281, 2.659395217895508, 1.4310302734375, 0.13532127439975739, -0.3261546790599823, 0.9355807900428772, -0.014643460512161255, 0.943504810333252, 0.33103513717651367, -0.9906936287879944, -0.058496251702308655, 0.12290024757385254);
		fov = 35;
	}, {
		cframe = CFrame.new(6.48138427734375, 2.513798236846924, 1.135986328125, 0.08226615935564041, -0.3212939500808716, 0.9433995485305786, -0.01221516728401184, 0.9462118744850159, 0.3233169913291931, -0.9965356588363647, -0.03812186419963837, 0.07391655445098877);
		fov = 35;
	}, {
		cframe = CFrame.new(6.620780944824219, 2.368201732635498, 0.8409423828125, 0.028996508568525314, -0.3153339922428131, 0.9485376477241516, -0.009353876113891602, 0.9488095045089722, 0.31571030616760254, -0.9995357394218445, -0.018026992678642273, 0.024562537670135498);
		fov = 35;
	}, {
		cframe = CFrame.new(6.647773742675781, 2.333664894104004, 0.745819091796875, 0.013644777238368988, -0.313004732131958, 0.9496535062789917, -0.009032607078552246, 0.9496645927429199, 0.3131381869316101, -0.9998661279678345, -0.012850537896156311, 0.010130703449249268);
		fov = 35;
	}, {
		cframe = CFrame.new(6.674774169921875, 2.2991280555725098, 0.65069580078125, -0.0017096102237701416, -0.3105940520763397, 0.9505411982536316, -0.008669793605804443, 0.9505113363265991, 0.31056874990463257, -0.9999610781669617, -0.007710084319114685, -0.004317820072174072);
		fov = 35;
	}, {
		cframe = CFrame.new(6.7017669677734375, 2.2645912170410156, 0.5555419921875, -0.017062311992049217, -0.3081025779247284, 0.9512001872062683, -0.008265465497970581, 0.9513495564460754, 0.3080027103424072, -0.9998202919960022, -0.002606898546218872, -0.018778860569000244);
		fov = 35;
	}, {
		cframe = CFrame.new(6.728759765625, 2.2300543785095215, 0.460418701171875, -0.03240998089313507, -0.3055309057235718, 0.9516305923461914, -0.007819727063179016, 0.9521790146827698, 0.3054407238960266, -0.9994442462921143, 0.0024577975273132324, -0.03324925899505615);
		fov = 35;
	}, {
		cframe = CFrame.new(6.7557525634765625, 2.1955175399780273, 0.36529541015625, -0.04774896427989006, -0.3028796911239624, 0.9518320560455322, -0.007332742214202881, 0.9529994130134583, 0.3028833866119385, -0.9988325834274292, 0.007482782006263733, -0.047725677490234375);
		fov = 35;
	}, {
		cframe = CFrame.new(6.782745361328125, 2.160980701446533, 0.2701416015625, -0.06307496130466461, -0.30014944076538086, 0.9518045783042908, -0.006804525852203369, 0.9538107514381409, 0.300331175327301, -0.9979856610298157, 0.012466803193092346, -0.062203943729400635);
		fov = 35;
	}, {
		cframe = CFrame.new(6.809745788574219, 2.126443862915039, 0.175018310546875, -0.07838501781225204, -0.2973410189151764, 0.9515483975410461, -0.006235271692276001, 0.954612672328949, 0.2977849245071411, -0.9969038367271423, 0.01740865409374237, -0.07668131589889526);
		fov = 35;
	}, {
		cframe = CFrame.new(6.836738586425781, 2.091907024383545, 0.07989501953125, -0.0936749279499054, -0.29445499181747437, 0.9510633945465088, -0.005625143647193909, 0.9554049968719482, 0.29524514079093933, -0.9955871105194092, 0.022307157516479492, -0.09115386009216309);
		fov = 35;
	}, {
		cframe = CFrame.new(6.848899841308594, 2.0648717880249023, -0.03173828125, -0.10959973931312561, -0.2909001111984253, 0.9504551887512207, -0.005620285868644714, 0.9563816785812378, 0.29206591844558716, -0.993959903717041, 0.02666853368282318, -0.10645413398742676);
		fov = 35;
	}, {
		cframe = CFrame.new(6.861061096191406, 2.0378365516662598, -0.143341064453125, -0.12549646198749542, -0.2872728109359741, 0.9495920538902283, -0.005562126636505127, 0.9573479294776917, 0.28888407349586487, -0.9920784831047058, 0.030972152948379517, -0.1217416524887085);
		fov = 35;
	}, {
		cframe = CFrame.new(6.8732147216796875, 2.010801315307617, -0.25494384765625, -0.14136064052581787, -0.2835739850997925, 0.9484739899635315, -0.005450800061225891, 0.9583035111427307, 0.28570038080215454, -0.9899430871009827, 0.03521686792373657, -0.1370120644569397);
		fov = 35;
	}, {
		cframe = CFrame.new(6.8853759765625, 1.9837660789489746, -0.3665771484375, -0.15718825161457062, -0.27980461716651917, 0.9471014142036438, -0.0052862465381622314, 0.9592481255531311, 0.2825157642364502, -0.9875544905662537, 0.03940153867006302, -0.1522616147994995);
		fov = 35;
	}, {
		cframe = CFrame.new(6.8975372314453125, 1.9567303657531738, -0.47821044921875, -0.17297516763210297, -0.27596572041511536, 0.9454748630523682, -0.005068600177764893, 0.960181474685669, 0.2793310284614563, -0.9849132299423218, 0.043525077402591705, -0.167486310005188);
		fov = 35;
	}, {
		cframe = CFrame.new(6.909698486328125, 1.9296951293945312, -0.589813232421875, -0.18871691823005676, -0.27205830812454224, 0.9435943961143494, -0.004797831177711487, 0.9611034393310547, 0.2761470079421997, -0.9820199608802795, 0.04758638143539429, -0.18268179893493652);
		fov = 35;
	}, {
		cframe = CFrame.new(6.9218597412109375, 1.9026598930358887, -0.701416015625, -0.20440950989723206, -0.26808348298072815, 0.9414607882499695, -0.004474043846130371, 0.9620137214660645, 0.27296459674835205, -0.978875458240509, 0.05158437788486481, -0.19784414768218994);
		fov = 35;
	}, {
		cframe = CFrame.new(6.934013366699219, 1.875624656677246, -0.81304931640625, -0.22004832327365875, -0.2640421390533447, 0.9390742778778076, -0.004097297787666321, 0.9629120230674744, 0.2697845697402954, -0.9754804372787476, 0.05551796406507492, -0.21296900510787964);
		fov = 35;
	}, {
		cframe = CFrame.new(6.946174621582031, 1.8485894203186035, -0.9246826171875, -0.2356298565864563, -0.25993555784225464, 0.936435878276825, -0.0036677569150924683, 0.9637981057167053, 0.2666078805923462, -0.9718360304832458, 0.05938613414764404, -0.22805297374725342);
		fov = 35;
	}, {
		cframe = CFrame.new(6.958335876464844, 1.821554183959961, -1.036285400390625, -0.2511494755744934, -0.2557647228240967, 0.9335461258888245, -0.0031855255365371704, 0.964671790599823, 0.2634352445602417, -0.9679431319236755, 0.06318779289722443, -0.24309158325195312);
		fov = 35;
	}, {
		cframe = CFrame.new(6.9563751220703125, 1.8072295188903809, -1.1302490234375, -0.26296350359916687, -0.25224846601486206, 0.9312468767166138, -0.0032240748405456543, 0.9654414057731628, 0.26060035824775696, -0.9648003578186035, 0.06552597880363464, -0.25468909740448);
		fov = 35;
	}, {
		cframe = CFrame.new(6.954414367675781, 1.7929048538208008, -1.22418212890625, -0.27474015951156616, -0.24870142340660095, 0.928798258304596, -0.003226727247238159, 0.9662028551101685, 0.25776273012161255, -0.9615134596824646, 0.06782068312168121, -0.26625722646713257);
		fov = 35;
	}, {
		cframe = CFrame.new(6.95245361328125, 1.7785797119140625, -1.318145751953125, -0.2864750921726227, -0.2451242059469223, 0.9261998534202576, -0.0031934380531311035, 0.9669561386108398, 0.25492286682128906, -0.958082377910614, 0.07007128745317459, -0.2777916193008423);
		fov = 34.974383697550024;
	}, {
		cframe = CFrame.new(6.950492858886719, 1.7642550468444824, -1.412078857421875, -0.29816728830337524, -0.24151785671710968, 0.9234530329704285, -0.003124251961708069, 0.9677009582519531, 0.25208160281181335, -0.9545086026191711, 0.07227737456560135, -0.2892913222312927);
		fov = 34.89770977552042;
	}, {
		cframe = CFrame.new(6.9485321044921875, 1.7499303817749023, -1.50604248046875, -0.30981314182281494, -0.23788312077522278, 0.9205583333969116, -0.0030191391706466675, 0.9684371948242188, 0.2492395043373108, -0.9507927894592285, 0.07443834096193314, -0.30075275897979736);
		fov = 34.77050199454498;
	}, {
		cframe = CFrame.new(6.9371337890625, 1.6761016845703125, -1.8204345703125, -0.33185315132141113, -0.2293282151222229, 0.9150310754776001, -0.004189424216747284, 0.9703487753868103, 0.24167272448539734, -0.943321704864502, 0.07636641710996628, -0.3229740262031555);
		fov = 34.59362931275476;
	}, {
		cframe = CFrame.new(6.925727844238281, 1.6022734642028809, -2.13482666015625, -0.35372108221054077, -0.22071769833564758, 0.9089363217353821, -0.005177676677703857, 0.9722067713737488, 0.23406676948070526, -0.9353366494178772, 0.07808814942836761, -0.34503281116485596);
		fov = 34.36829994991293;
	}, {
		cframe = CFrame.new(6.914329528808594, 1.528444766998291, -2.449249267578125, -0.3754037916660309, -0.21205675601959229, 0.902277410030365, -0.005983367562294006, 0.9740099906921387, 0.22642621397972107, -0.9268423914909363, 0.07960253953933716, -0.36691582202911377);
		fov = 34.09605313404867;
	}, {
		cframe = CFrame.new(6.902923583984375, 1.4546160697937012, -2.763641357421875, -0.3968881070613861, -0.2033504843711853, 0.8950580358505249, -0.0066060274839401245, 0.975757360458374, 0.2187555432319641, -0.9178434610366821, 0.0809086486697197, -0.3886098265647888);
		fov = 33.778748586968966;
	}, {
		cframe = CFrame.new(6.8915252685546875, 1.3807873725891113, -3.078033447265625, -0.41816094517707825, -0.19460421800613403, 0.88728266954422, -0.007045246660709381, 0.9774478673934937, 0.21105948090553284, -0.908345639705658, 0.08200570940971375, -0.4101015329360962);
		fov = 33.41855382047295;
	}, {
		cframe = CFrame.new(6.880126953125, 1.3069591522216797, -3.392425537109375, -0.4392099976539612, -0.1858232617378235, 0.8789563775062561, -0.007300801575183868, 0.9790804386138916, 0.20334267616271973, -0.8983548283576965, 0.08289304375648499, -0.4313785433769226);
		fov = 33.01792933004849;
	}, {
		cframe = CFrame.new(6.868721008300781, 1.2331304550170898, -3.706817626953125, -0.4600222408771515, -0.1770128756761551, 0.8700838685035706, -0.007372498512268066, 0.9806540608406067, 0.19560974836349487, -0.8878768086433411, 0.08357013016939163, -0.4524277448654175);
		fov = 32.57961178719306;
	}, {
		cframe = CFrame.new(6.857322692871094, 1.1593017578125, -4.021240234375, -0.4805854558944702, -0.16817840933799744, 0.860670804977417, -0.007260315120220184, 0.9821679592132568, 0.18786540627479553, -0.8769181966781616, 0.08403658121824265, -0.47323668003082275);
		fov = 32.10659534517251;
	}, {
		cframe = CFrame.new(6.845916748046875, 1.0854735374450684, -4.33563232421875, -0.5008867383003235, -0.15932509303092957, 0.8507224321365356, -0.0069643184542655945, 0.9836210608482361, 0.18011422455310822, -0.8654851913452148, 0.08429206907749176, -0.4937922954559326);
		fov = 31.6021111859182;
	}, {
		cframe = CFrame.new(6.8345184326171875, 1.0116448402404785, -4.6500244140625, -0.5209137797355652, -0.15045830607414246, 0.8402447700500488, -0.0064846426248550415, 0.9850125312805176, 0.17236094176769257, -0.8535847663879395, 0.08433647453784943, -0.5140822529792786);
		fov = 31.069605447778052;
	}, {
		cframe = CFrame.new(6.8136749267578125, 0.8783125877380371, -5.18487548828125, -0.549946665763855, -0.13667337596416473, 0.8239412903785706, -0.006067156791687012, 0.9871475696563721, 0.1596960872411728, -0.8351778388023376, 0.08282534778118134, -0.5437077283859253);
		fov = 30.512715684897273;
	}, {
		cframe = CFrame.new(6.7928314208984375, 0.7449800968170166, -5.7197265625, -0.5783243179321289, -0.12292590737342834, 0.8064927458763123, -0.0052084773778915405, 0.989118754863739, 0.147026926279068, -0.815790593624115, 0.08082861453294754, -0.5726717114448547);
		fov = 29.935246019035127;
	}, {
		cframe = CFrame.new(6.771995544433594, 0.6116478443145752, -6.25457763671875, -0.6060086488723755, -0.1092342883348465, 0.7879225015640259, -0.00390981137752533, 0.9909234642982483, 0.13437038660049438, -0.7954487800598145, 0.07834895700216293, -0.6009352803230286);
		fov = 29.341141153555995;
	}, {
		cframe = CFrame.new(6.751152038574219, 0.4783153533935547, -6.7894287109375, -0.6329620480537415, -0.0956168845295906, 0.7682552933692932, -0.0021728649735450745, 0.9925591945648193, 0.12174347043037415, -0.7741796374320984, 0.07538969814777374, -0.6284601092338562);
		fov = 28.734459427105506;
	}, {
		cframe = CFrame.new(6.730308532714844, 0.3449831008911133, -7.32427978515625, -0.6591493487358093, -0.08209200948476791, 0.7475179433822632, -0, 0.994023859500885, 0.10916315764188766, -0.7520120143890381, 0.07195482403039932, -0.6552101969718933);
		fov = 28.119345091042494;
	}, {
		cframe = CFrame.new(6.630546569824219, 0.17394638061523438, -8.026214599609375, -0.6862558722496033, -0.07278159260749817, 0.7237096428871155, -0.003178264945745468, 0.9952716827392578, 0.0970780998468399, -0.7273532748222351, 0.06432028114795685, -0.6832423806190491);
		fov = 27.5;
	}, {
		cframe = CFrame.new(6.530784606933594, 0.0029096603393554688, -8.7281494140625, -0.7124609351158142, -0.06374917924404144, 0.6988101601600647, -0.00590900145471096, 0.9963744878768921, 0.08487015962600708, -0.7016870379447937, 0.056337401270866394, -0.7102546095848083);
		fov = 26.88065490895751;
	}, {
		cframe = CFrame.new(6.4310302734375, -0.16812705993652344, -9.43011474609375, -0.7377254962921143, -0.055008288472890854, 0.6728564500808716, -0.00818813219666481, 0.9973306059837341, 0.07255762815475464, -0.6750515699386597, 0.04801815003156662, -0.736206591129303);
		fov = 26.265540572894494;
	}, {
		cframe = CFrame.new(6.331268310546875, -0.33916378021240234, -10.132049560546875, -0.7620110511779785, -0.04657202959060669, 0.6458874940872192, -0.010012229904532433, 0.9981385469436646, 0.06015895679593086, -0.6474869251251221, 0.039375003427267075, -0.7610589265823364);
		fov = 25.658858846444005;
	}, {
		cframe = CFrame.new(6.23150634765625, -0.5102005004882812, -10.833984375, -0.7852816581726074, -0.03845306113362312, 0.6179438829421997, -0.01137856300920248, 0.9987972378730774, 0.04769274964928627, -0.6190345287322998, 0.03042091801762581, -0.7847747206687927);
		fov = 25.064753980964873;
	}, {
		cframe = CFrame.new(6.131744384765625, -0.6812372207641602, -11.535919189453125, -0.8075022101402283, -0.030663534998893738, 0.5890673995018005, -0.012285075150430202, 0.9993056058883667, 0.03517767786979675, -0.5897369980812073, 0.021169310435652733, -0.8073181509971619);
		fov = 24.48728431510273;
	}, {
		cframe = CFrame.new(5.845542907714844, -0.896418571472168, -12.436676025390625, -0.8378000855445862, -0.02194194868206978, 0.5455363392829895, -0.013427086174488068, 0.9997179508209229, 0.019589068368077278, -0.5458123087882996, 0.00908675603568554, -0.8378583788871765);
		fov = 23.930394552221948;
	}, {
		cframe = CFrame.new(5.559333801269531, -1.1115998029708862, -13.337432861328125, -0.8657262921333313, -0.013872580602765083, 0.5003258585929871, -0.013735540211200714, 0.9998977780342102, 0.003957318142056465, -0.5003296732902527, -0.003446292132139206, -0.8658283948898315);
		fov = 23.3978888140818;
	}, {
		cframe = CFrame.new(5.27313232421875, -1.3267810344696045, -14.238189697265625, -0.8911949396133423, -0.006480213720351458, 0.4535745084285736, -0.013209488242864609, 0.9998446702957153, -0.011669572442770004, -0.4534284174442291, -0.016391348093748093, -0.8911421298980713);
		fov = 22.893404654827492;
	}, {
		cframe = CFrame.new(4.9869232177734375, -1.5419623851776123, -15.138946533203125, -0.9141278862953186, 0.00021244632080197334, 0.40542611479759216, -0.011850547045469284, 0.9995585680007935, -0.0272436011582613, -0.40525296330451965, -0.029708655551075935, -0.9137218594551086);
		fov = 22.420388212806944;
	}, {
		cframe = CFrame.new(4.700721740722656, -1.7571436166763306, -16.039703369140625, -0.9344546794891357, 0.006184854544699192, 0.3560284674167633, -0.009662891738116741, 0.9990404844284058, -0.04271696135401726, -0.3559510409832001, -0.04335732385516167, -0.9334982633590698);
		fov = 21.98207066995151;
	}, {
		cframe = CFrame.new(4.402412414550781, -1.8277748823165894, -16.357818603515625, -0.9435752630233765, 0.006967303808778524, 0.33108556270599365, -0.009320901706814766, 0.9988237619400024, -0.04758311063051224, -0.33102768659591675, -0.047984249889850616, -0.9424004554748535);
		fov = 21.58144617952705;
	}, {
		cframe = CFrame.new(4.1041107177734375, -1.8984062671661377, -16.6759033203125, -0.9520313143730164, 0.0076264566741883755, 0.30590614676475525, -0.008849769830703735, 0.9985849857330322, -0.05243740603327751, -0.30587318539619446, -0.052629243582487106, -0.9506166577339172);
		fov = 21.221251413031034;
	}, {
		cframe = CFrame.new(3.8058013916015625, -1.9690375328063965, -16.9940185546875, -0.9598169326782227, 0.00816184002906084, 0.28050848841667175, -0.008249842561781406, 0.9983242750167847, -0.057276345789432526, -0.2805059254169464, -0.05728895217180252, -0.9581412076950073);
		fov = 20.903946865951333;
	}, {
		cframe = CFrame.new(3.5074996948242188, -2.0396690368652344, -17.312103271484375, -0.9669267535209656, 0.00857306458055973, 0.2549111247062683, -0.0075215548276901245, 0.9980418086051941, -0.06209642067551613, -0.2549443244934082, -0.06196000054478645, -0.9649688005447388);
		fov = 20.63170005008707;
	}, {
		cframe = CFrame.new(3.2091903686523438, -2.110300064086914, -17.630218505859375, -0.9733553528785706, 0.008859827183187008, 0.2291325330734253, -0.006665430963039398, 0.9977378249168396, -0.06689411401748657, -0.2292068600654602, -0.06663897633552551, -0.9710943698883057);
		fov = 20.406370687245243;
	}, {
		cframe = CFrame.new(2.7368087768554688, -2.1693620681762695, -17.920684814453125, -0.9802019596099854, 0.007778498809784651, 0.19784805178642273, -0.006356822792440653, 0.9974766969680786, -0.07071003317832947, -0.19789883494377136, -0.070567786693573, -0.9776791334152222);
		fov = 20.22949800545502;
	}, {
		cframe = CFrame.new(2.264434814453125, -2.228423833847046, -18.211181640625, -0.9860426783561707, 0.006571646314114332, 0.16636480391025543, -0.005925815086811781, 0.9972023963928223, -0.07451315969228745, -0.16638906300067902, -0.07445897907018661, -0.9832451939582825);
		fov = 20.10229022447958;
	}, {
		cframe = CFrame.new(1.79205322265625, -2.2874855995178223, -18.50164794921875, -0.9908707737922668, 0.005240517668426037, 0.13471543788909912, -0.005372851155698299, 0.9969154000282288, -0.07829951494932175, -0.13471022248268127, -0.07830848544836044, -0.9877861738204956);
		fov = 20.025616302449976;
	}, {
		cframe = CFrame.new(1.319671630859375, -2.3465473651885986, -18.7921142578125, -0.9946810007095337, 0.003786501009017229, 0.10293285548686981, -0.004698507022112608, 0.9966158866882324, -0.0820651724934578, -0.10289525985717773, -0.08211230486631393, -0.9912971258163452);
		fov = 20;
	}, {
		cframe = CFrame.new(0.7066574096679688, -2.400275707244873, -19.07647705078125, -0.997825562953949, 0.0012922694440931082, 0.06589615345001221, -0.004345614463090897, 0.9963422417640686, -0.08534198254346848, -0.06576541066169739, -0.08544277399778366, -0.9941701889038086);
		fov = 19.9;
	}, {
		cframe = CFrame.new(0.0936431884765625, -2.4540038108825684, -19.36083984375, -0.9995852112770081, -0.0013244232395663857, 0.028776289895176888, -0.003870462067425251, 0.9960595369338989, -0.08860251307487488, -0.028545549139380455, -0.08867712318897247, -0.9956515431404114);
		fov = 19.8;
	}, {
		cframe = CFrame.new(-0.519378662109375, -2.5077321529388428, -19.645233154296875, -0.9999570250511169, -0.004059916827827692, -0.008374838158488274, -0.0032737141009420156, 0.9957681894302368, -0.09184224158525467, 0.008712269365787506, -0.09181084483861923, -0.995738685131073);
		fov = 19.7;
	}, {
		cframe = CFrame.new(-1.1323928833007812, -2.561460256576538, -19.929595947265625, -0.9989405870437622, -0.006910386495292187, -0.04550526291131973, -0.0025562054943293333, 0.9954686164855957, -0.09505663812160492, 0.04595594108104706, -0.09483957290649414, -0.9944316148757935);
		fov = 19.6;
	}, {
		cframe = CFrame.new(-1.7454071044921875, -2.6151885986328125, -20.213958740234375, -0.996536910533905, -0.009871844202280045, -0.08256305754184723, -0.0017189388163387775, 0.9951611757278442, -0.0982411578297615, 0.08313336968421936, -0.09775901585817337, -0.9917318224906921);
		fov = 19.5;
	}, {
		cframe = CFrame.new(-1.9117507934570312, -2.624875068664551, -20.2713623046875, -0.9957313537597656, -0.010753799229860306, -0.09167356789112091, -0.001652898732572794, 0.9951081275939941, -0.09877821803092957, 0.0922873467206955, -0.09820501506328583, -0.9908781051635742);
		fov = 19.4;
	}, {
		cframe = CFrame.new(-2.078094482421875, -2.634561777114868, -20.3287353515625, -0.9948413372039795, -0.011639852076768875, -0.10077621787786484, -0.0015819012187421322, 0.9950548410415649, -0.0993146300315857, 0.10143386572599411, -0.09864285588264465, -0.9899400472640991);
		fov = 19.3;
	}, {
		cframe = CFrame.new(-2.2444381713867188, -2.6442484855651855, -20.386138916015625, -0.9938671588897705, -0.012529891915619373, -0.10986987501382828, -0.001505950465798378, 0.9950013756752014, -0.09985034912824631, 0.11057177931070328, -0.09907250851392746, -0.9889180064201355);
		fov = 19.2;
	}, {
		cframe = CFrame.new(-2.4107818603515625, -2.653934955596924, -20.44354248046875, -0.9928091764450073, -0.013423803262412548, -0.11895337700843811, -0.0014250604435801506, 0.994947612285614, -0.10038528591394424, 0.11969992518424988, -0.09949391335248947, -0.9878122210502625);
		fov = 19.1;
	}, {
		cframe = CFrame.new(-2.5074615478515625, -2.6402125358581543, -20.494598388671875, -0.9915947318077087, -0.012329589575529099, -0.1287950873374939, -0.0006627528928220272, 0.9959201216697693, -0.09023717790842056, 0.1293821930885315, -0.08939334005117416, -0.9875572919845581);
		fov = 19;
	}, {
		cframe = CFrame.new(-2.6041336059570312, -2.6264898777008057, -20.545654296875, -0.9902840852737427, -0.011134845204651356, -0.13861270248889923, -9.313225746154785e-10, 0.9967890977859497, -0.08007267862558365, 0.13905921578407288, -0.07929469645023346, -0.9871043562889099);
		fov = 18.9;
	}, {
		cframe = CFrame.new(-2.816925048828125, -2.651782512664795, -20.607269287109375, -0.9890211820602417, -0.013342301361262798, -0.14717067778110504, -0.0003832913935184479, 0.9961439371109009, -0.08773330599069595, 0.14777372777462006, -0.08671367913484573, -0.9852125644683838);
		fov = 18.8;
	}, {
		cframe = CFrame.new(-3.0297088623046875, -2.6770753860473633, -20.668914794921875, -0.9876810908317566, -0.015614047646522522, -0.15570034086704254, -0.000698871910572052, 0.9954395294189453, -0.09539207816123962, 0.15647973120212555, -0.09410811960697174, -0.983187735080719);
		fov = 18.7;
	}, {
		cframe = CFrame.new(-3.2425003051757812, -2.7023680210113525, -20.73052978515625, -0.9862639904022217, -0.01794961281120777, -0.16419994831085205, -0.0009466782212257385, 0.9946759939193726, -0.10304738581180573, 0.1651754081249237, -0.10147646069526672, -0.9810301065444946);
		fov = 18.6;
	}, {
		cframe = CFrame.new(-3.3693389892578125, -2.708150625228882, -20.7596435546875, -0.9849240779876709, -0.01871432177722454, -0.1719723790884018, -0.0008723698556423187, 0.9946556687355042, -0.10324384272098541, 0.17298544943332672, -0.1015373170375824, -0.9796766638755798);
		fov = 18.5;
	}, {
		cframe = CFrame.new(-3.4961700439453125, -2.713933229446411, -20.788726806640625, -0.9835224747657776, -0.019479554146528244, -0.17973443865776062, -0.0007964922115206718, 0.9946354031562805, -0.10343975573778152, 0.18078520894050598, -0.10159214586019516, -0.9782618284225464);
		fov = 18.4;
	}, {
		cframe = CFrame.new(-3.6230087280273438, -2.7197158336639404, -20.817840576171875, -0.9820588231086731, -0.020245227962732315, -0.1874854564666748, -0.0007190518081188202, 0.9946150779724121, -0.1036350280046463, 0.18857398629188538, -0.10164086520671844, -0.9767851233482361);
		fov = 18.3;
	}, {
		cframe = CFrame.new(-3.7498397827148438, -2.7254984378814697, -20.846923828125, -0.9805333018302917, -0.02101127803325653, -0.1952245831489563, -0.0006400588899850845, 0.994594931602478, -0.10382968932390213, 0.19635096192359924, -0.10168353468179703, -0.9752468466758728);
		fov = 18.2;
	}, {
		cframe = CFrame.new(-3.876678466796875, -2.73128080368042, -20.87603759765625, -0.9789466857910156, -0.02177763544023037, -0.20295125246047974, -0.0005595162510871887, 0.9945746660232544, -0.10402373224496841, 0.20411556959152222, -0.10172013193368912, -0.9736477136611938);
		fov = 18.1;
	}, {
		cframe = CFrame.new(-4.003509521484375, -2.737063407897949, -20.905120849609375, -0.9772987365722656, -0.022544223815202713, -0.21066464483737946, -0.0004774341359734535, 0.9945544600486755, -0.10421712696552277, 0.21186695992946625, -0.10175065696239471, -0.9719875454902649);
		fov = 18;
	}, {
		cframe = CFrame.new(-4.130348205566406, -2.7428460121154785, -20.934234619140625, -0.9755890965461731, -0.023310963064432144, -0.21836397051811218, -0.0003938227891921997, 0.9945343136787415, -0.10440982133150101, 0.21960434317588806, -0.10177507251501083, -0.9702659845352173);
		fov = 17.9;
	}, {
		cframe = CFrame.new(-4.21533203125, -2.745481252670288, -20.9423828125, -0.9742496013641357, -0.02387174405157566, -0.22420506179332733, -0.00034815073013305664, 0.9945375919342041, -0.10437837988138199, 0.22547204792499542, -0.10161253064870834, -0.9689362049102783);
		fov = 17.8;
	}, {
		cframe = CFrame.new(-4.300315856933594, -2.7481164932250977, -20.9505615234375, -0.9728749990463257, -0.024431580677628517, -0.23003847897052765, -0.00030266866087913513, 0.9945409297943115, -0.10434667021036148, 0.23133204877376556, -0.10144662111997604, -0.9675713777542114);
		fov = 17.7;
	}, {
		cframe = CFrame.new(-4.385292053222656, -2.7507517337799072, -20.958740234375, -0.9714648127555847, -0.02499043568968773, -0.23586389422416687, -0.0002573728561401367, 0.9945443272590637, -0.10431469231843948, 0.23718395829200745, -0.10127734392881393, -0.9661712646484375);
		fov = 17.6;
	}, {
		cframe = CFrame.new(-4.47027587890625, -2.753386974334717, -20.966888427734375, -0.9700196981430054, -0.025548283010721207, -0.24168097972869873, -0.0002122744917869568, 0.9945476651191711, -0.1042824313044548, 0.24302750825881958, -0.10110468417406082, -0.96473628282547);
		fov = 17.5;
	}, {
		cframe = CFrame.new(-4.555259704589844, -2.7560222148895264, -20.97503662109375, -0.9685389995574951, -0.026105089113116264, -0.24748940765857697, -0.00016736797988414764, 0.9945511221885681, -0.10424989461898804, 0.24886231124401093, -0.1009286493062973, -0.9632659554481506);
		fov = 17.4;
	}, {
		cframe = CFrame.new(-4.6402435302734375, -2.758657455444336, -20.98321533203125, -0.9670231938362122, -0.026660826057195663, -0.2532888650894165, -0.00012266170233488083, 0.9945545792579651, -0.10421709716320038, 0.2546880841255188, -0.10074928402900696, -0.9617606401443481);
		fov = 17.3;
	}, {
		cframe = CFrame.new(-4.725227355957031, -2.7612926959991455, -20.99139404296875, -0.9654728770256042, -0.027215464040637016, -0.25907909870147705, -0.00007815472781658173, 0.9945580363273621, -0.10418403148651123, 0.2605046033859253, -0.10056658089160919, -0.9602209329605103);
		fov = 17.2;
	}, {
		cframe = CFrame.new(-4.810203552246094, -2.763927936553955, -20.999542236328125, -0.9638872742652893, -0.027768969535827637, -0.26485970616340637, -0.00003384798765182495, 0.9945615530014038, -0.10415070503950119, 0.2663114368915558, -0.1003805473446846, -0.9586461186408997);
		fov = 17.1;
	}, {
		cframe = CFrame.new(-4.8951873779296875, -2.7665631771087646, -21.0076904296875, -0.9622668027877808, -0.028321314603090286, -0.2706303894519806, 0.000010251067578792572, 0.9945650100708008, -0.10411711782217026, 0.2721082866191864, -0.10019119828939438, -0.9570366144180298);
		fov = 17;
	}, {
		cframe = CFrame.new(-4.980171203613281, -2.769198417663574, -21.015869140625, -0.9606114625930786, -0.028872471302747726, -0.2763909101486206, 0.000054144300520420074, 0.9945685863494873, -0.10408324748277664, 0.27789485454559326, -0.09999852627515793, -0.9553924798965454);
		fov = 16.9;
	}, {
		cframe = CFrame.new(-5.007896423339844, -2.768869161605835, -21.007659912109375, -0.9598731994628906, -0.029091671109199524, -0.278921514749527, 0.00005312170833349228, 0.9945857524871826, -0.10391867905855179, 0.2804345190525055, -0.09976356476545334, -0.9546747207641602);
		fov = 16.8;
	}, {
		cframe = CFrame.new(-5.035621643066406, -2.7685399055480957, -20.99945068359375, -0.959128201007843, -0.02931024134159088, -0.28145015239715576, 0.00005165860056877136, 0.9946029782295227, -0.10375408828258514, 0.28297221660614014, -0.0995279997587204, -0.9539502859115601);
		fov = 16.7;
	}, {
		cframe = CFrame.new(-5.063346862792969, -2.7682108879089355, -20.991241455078125, -0.9583763480186462, -0.029528193175792694, -0.28397688269615173, 0.000049758702516555786, 0.994620144367218, -0.1035895049571991, 0.2855079472064972, -0.0992918610572815, -0.953218936920166);
		fov = 16.6;
	}, {
		cframe = CFrame.new(-5.091072082519531, -2.7678816318511963, -20.9830322265625, -0.9576178193092346, -0.029745521023869514, -0.2865017056465149, 0.0000474248081445694, 0.9946372509002686, -0.10342492163181305, 0.28804171085357666, -0.09905514121055603, -0.9524809718132019);
		fov = 16.5;
	}, {
		cframe = CFrame.new(-5.118804931640625, -2.767552375793457, -20.97479248046875, -0.9568524956703186, -0.029962219297885895, -0.28902456164360046, 0.0000446513295173645, 0.9946543574333191, -0.103260338306427, 0.29057344794273376, -0.098817840218544, -0.9517362117767334);
		fov = 16.4;
	}, {
		cframe = CFrame.new(-5.1465301513671875, -2.7672231197357178, -20.966583251953125, -0.9560809135437012, -0.030178293585777283, -0.29154542088508606, 0.000041437335312366486, 0.9946714043617249, -0.10309577733278275, 0.2931031286716461, -0.09857998043298721, -0.9509851336479187);
		fov = 16.3;
	}, {
		cframe = CFrame.new(-5.17425537109375, -2.7668938636779785, -20.9583740234375, -0.9553022980690002, -0.030393734574317932, -0.29406431317329407, 0.00003779027611017227, 0.9946884512901306, -0.10293122380971909, 0.2956308424472809, -0.09834154695272446, -0.9502270221710205);
		fov = 16.2;
	}, {
